Batch Size,Neurons per layer,Hidden layers,Validation loss
16,32,2,0.37628373503685
32,32,2,0.3791211247444153
64,32,2,0.3829897940158844
16,32,3,0.38899698853492737
32,32,3,0.3910023868083954
16,64,2,0.3945516049861908
16,64,3,0.39590781927108765
64,32,3,0.3984604775905609
32,64,2,0.4048457741737366
16,128,2,0.418427973985672
32,64,3,0.42207539081573486
64,64,3,0.4221005141735077
64,64,2,0.4227888882160187
16,128,3,0.43343332409858704
32,128,2,0.4418468773365021
64,128,2,0.4441339373588562
32,128,3,0.4597622752189636
64,128,3,0.49286115169525146
