Batch Size,Neurons per layer,Hidden layers,Validation loss
16,32,1,0.3648659884929657
64,32,1,0.3674054741859436
32,32,1,0.37464311718940735
16,32,3,0.37489157915115356
16,64,1,0.3787560760974884
64,64,1,0.3789750635623932
32,64,1,0.37943488359451294
16,32,2,0.37951111793518066
32,32,2,0.37970688939094543
64,32,2,0.38539087772369385
16,64,2,0.38755473494529724
32,64,2,0.38993072509765625
32,32,3,0.3926749527454376
16,128,1,0.39629900455474854
64,32,3,0.39744025468826294
32,128,1,0.3976020812988281
16,64,3,0.3981298804283142
64,128,1,0.4041137099266052
16,128,2,0.4069596230983734
64,64,2,0.4077429175376892
64,64,3,0.41292139887809753
32,128,2,0.41319751739501953
32,64,3,0.4175220727920532
64,128,2,0.4330843687057495
16,128,3,0.43807172775268555
32,128,3,0.47338777780532837
64,128,3,0.48758465051651
